[gd_scene load_steps=16 format=3 uid="uid://bw4hmbdh2btwa"]

[sub_resource type="CylinderMesh" id="CylinderMesh_a55xg"]
height = 6.456

[sub_resource type="CapsuleMesh" id="CapsuleMesh_00xfc"]
height = 6.815

[sub_resource type="CapsuleMesh" id="CapsuleMesh_e5rtx"]
height = 6.815

[sub_resource type="CapsuleMesh" id="CapsuleMesh_nwj2t"]
height = 5.96

[sub_resource type="CapsuleMesh" id="CapsuleMesh_pr67n"]
height = 4.475

[sub_resource type="CapsuleMesh" id="CapsuleMesh_uopep"]
height = 5.96

[sub_resource type="CapsuleMesh" id="CapsuleMesh_x8bci"]
height = 3.98

[sub_resource type="CapsuleMesh" id="CapsuleMesh_48wwq"]
height = 3.485

[sub_resource type="TextMesh" id="TextMesh_qgivg"]
text = "Saurischia"
font_size = 40

[sub_resource type="TextMesh" id="TextMesh_pdbwj"]
text = "Ornithischia
"
font_size = 40

[sub_resource type="TextMesh" id="TextMesh_nitsu"]
text = "Sauropoda"
font_size = 40

[sub_resource type="TextMesh" id="TextMesh_c8k3c"]
text = "Theropoda
"
font_size = 40

[sub_resource type="TextMesh" id="TextMesh_6s3xa"]
text = "Marginocephalia"
font_size = 40

[sub_resource type="TextMesh" id="TextMesh_xxv27"]
text = "Ornithopoda"
font_size = 40

[sub_resource type="TextMesh" id="TextMesh_f5o5k"]
text = "Thyreophora"
font_size = 40

[node name="Dinosaurs" type="Node3D"]

[node name="trunk" type="MeshInstance3D" parent="."]
transform = Transform3D(1, 0, 0, 0, 1, 0, 0, 0, 1, 0, 2.48514, 0)
mesh = SubResource("CylinderMesh_a55xg")

[node name="saurischia" type="MeshInstance3D" parent="."]
transform = Transform3D(0.56478, 0.825242, 0, -0.825242, 0.56478, 0, 0, 0, 1, 2.60835, 6.85574, 0.0444206)
mesh = SubResource("CapsuleMesh_00xfc")

[node name="ornithischia" type="MeshInstance3D" parent="."]
transform = Transform3D(0.479018, -0.363252, -0.799118, 0.641418, 0.76634, 0.0361352, 0.59927, -0.529878, 0.600087, -1.12763, 7.35521, -1.56049)
mesh = SubResource("CapsuleMesh_e5rtx")

[node name="saurapota" type="MeshInstance3D" parent="."]
transform = Transform3D(1, 0, 0, 0, 0.659543, -0.751667, 0, 0.751667, 0.659543, 1.11569, 7.49414, 2.23091)
mesh = SubResource("CapsuleMesh_nwj2t")

[node name="theropota" type="MeshInstance3D" parent="."]
transform = Transform3D(1, 0, 0, 0, 0.604363, 0.796709, 0, -0.796709, 0.604363, 3.25151, 8.42398, -1.55746)
mesh = SubResource("CapsuleMesh_pr67n")

[node name="marginocephalia" type="MeshInstance3D" parent="."]
transform = Transform3D(0.70344, -0.646519, -0.295273, 0.145003, 0.537239, -0.830872, 0.695807, 0.541653, 0.471663, -2.59623, 7.88064, 0.486773)
mesh = SubResource("CapsuleMesh_uopep")

[node name="ornithopoda" type="MeshInstance3D" parent="."]
transform = Transform3D(-0.867496, 0.329779, -0.372419, -0.141257, 0.554538, 0.820082, 0.476966, 0.764025, -0.434476, -1.911, 8.81687, 1.87974)
mesh = SubResource("CapsuleMesh_x8bci")

[node name="thyreophora" type="MeshInstance3D" parent="."]
transform = Transform3D(0.606932, 0.794754, 0, -0.794754, 0.606932, 0, 0, 0, 1, -0.164694, 8.59938, -1.8225)
mesh = SubResource("CapsuleMesh_48wwq")

[node name="saur text" type="MeshInstance3D" parent="."]
transform = Transform3D(-0.0103147, 0, 0.999947, 0, 1, 0, -0.999947, 0, -0.0103147, 5.44537, 9.31943, 0)
mesh = SubResource("TextMesh_qgivg")

[node name="orn text" type="MeshInstance3D" parent="."]
transform = Transform3D(-0.870974, 0, -0.491329, 0, 1, 0, 0.491329, 0, -0.870974, -2.63685, 10.3611, -3.48276)
mesh = SubResource("TextMesh_pdbwj")

[node name="sauropoda text" type="MeshInstance3D" parent="."]
transform = Transform3D(1, 0, 0, 0, 1, 0, 0, 0, 1, 1.09046, 9.95875, 4.39437)
mesh = SubResource("TextMesh_nitsu")

[node name="theropoda text" type="MeshInstance3D" parent="."]
transform = Transform3D(-0.860564, 0, 0.509342, 0, 1, 0, -0.509342, 0, -0.860564, 3.7221, 10.0487, -3.7577)
mesh = SubResource("TextMesh_c8k3c")

[node name="marg text" type="MeshInstance3D" parent="."]
transform = Transform3D(0.399389, 0, -0.916781, 0, 1, 0, 0.916781, 0, 0.399389, -4.69537, 9.99907, 1.86775)
mesh = SubResource("TextMesh_6s3xa")

[node name="orntpod text" type="MeshInstance3D" parent="."]
transform = Transform3D(0.890054, 0, -0.455856, 0, 1, 0, 0.455856, 0, 0.890054, -1.53865, 10.4192, 3.61341)
mesh = SubResource("TextMesh_xxv27")

[node name="thy text" type="MeshInstance3D" parent="."]
transform = Transform3D(-0.997021, 0, 0.0771367, 0, 1, 0, -0.0771367, 0, -0.997021, 0.726732, 10.303, -2.10138)
mesh = SubResource("TextMesh_f5o5k")
